k: 1
参数: [ -8.63875560e-02   6.47414814e-03  -1.93100338e-02   4.27559918e-02
  -3.47338814e-02   4.14148192e-02   2.17815016e-03   1.83503068e-02
  -8.83424923e-03   6.46853267e-03   4.45781417e-04  -7.38499512e-03
  -4.19677989e-01   4.96804040e-02   1.38185421e+00   1.26296256e+04]
Rsquare: 0.994731018438
模型内预测误差: 99681.2168061
模型外预测误差: 89524.4897988
k: 2
参数: [ -8.09361230e-02   6.97264935e-03  -1.69577232e-02   3.59389070e-02
  -5.28414465e-02   2.85155164e-02  -9.92547699e-03   1.46339325e-02
  -1.70993318e-02   2.86381470e-03   1.12097547e-02   2.40575005e-03
  -3.65666441e-01   1.46224642e-03   1.39289876e+00   4.00084149e+03]
Rsquare: 0.994992839224
模型内预测误差: 101627.75156
模型外预测误差: 56482.4068516
k: 3
参数: [ -8.31200636e-02  -4.40696460e-04  -5.39468232e-03   3.43039143e-02
  -5.68108639e-02   1.78014293e-02  -4.18946818e-03   7.95931387e-03
  -1.78428781e-02  -4.88849818e-03   4.22663525e-03   6.14301806e-03
  -2.56613590e-01  -3.15543314e-01   1.59231635e+00   1.85051971e+04]
Rsquare: 0.995474217564
模型内预测误差: 97630.7646166
模型外预测误差: 123815.876531
k: 4
参数: [ -8.02259379e-02   7.50404759e-03  -1.21534583e-02   2.77991993e-02
  -4.42546758e-02   2.93264679e-02  -8.42671621e-03   7.84029999e-03
  -7.28629228e-03   1.06264277e-02   7.10141232e-03  -3.47947855e-03
  -3.56440906e-01  -1.75720606e-02   1.39937479e+00   7.10640539e+03]
Rsquare: 0.995187584647
模型内预测误差: 102513.084985
模型外预测误差: 37877.6280203
k: 5
参数: [ -9.37878724e-02   8.60212457e-03   2.88094922e-03   4.75097706e-02
  -3.94933895e-02   1.50641027e-02  -3.43409680e-02   2.75852668e-02
  -7.53363023e-03   3.62735286e-03   9.01230934e-03  -5.23572515e-03
  -3.59255860e-01   4.26762905e-02   1.35340843e+00   1.81849885e+03]
Rsquare: 0.995596562001
模型内预测误差: 98493.3320028
模型外预测误差: 97466.5996455
k: 6
参数: [ -9.08786004e-02   3.71808447e-03  -1.81931874e-02   3.77005307e-02
  -2.92761909e-02   5.22512923e-02   7.56545235e-03   1.48725036e-02
  -1.45127567e-02   3.59947230e-03   1.01411317e-02  -7.65985149e-03
  -3.59627405e-01  -3.09696378e-02   1.41314784e+00  -3.01706981e+03]
Rsquare: 0.995254527956
模型内预测误差: 101068.456645
模型外预测误差: 68826.8869437
k: 7
参数: [ -9.93683056e-02   7.64125087e-03  -9.93184857e-03   3.11647950e-02
  -3.98532542e-02   2.71614157e-02  -4.98745573e-03   1.19065919e-02
  -1.69544434e-02   9.25709032e-03   7.30912583e-03   2.26631470e-03
  -3.83277508e-01   1.02412106e-02   1.39557010e+00   7.29051269e+03]
Rsquare: 0.995237363728
模型内预测误差: 101548.325653
模型外预测误差: 58080.5258043
k: 8
参数: [ -8.94242762e-02   5.48049261e-04  -1.26700117e-02   2.90932831e-02
  -4.28248642e-02   3.10899829e-02  -4.75856645e-04   1.44930082e-02
  -9.92830611e-03   9.71045528e-03   5.15239862e-03  -2.84336848e-04
  -3.80684802e-01   1.84862183e-02   1.38704825e+00   4.81934009e+03]
Rsquare: 0.995323855504
模型内预测误差: 100243.988779
模型外预测误差: 77278.9456277
k: 9
参数: [ -4.64316960e-02  -1.06455941e-02  -2.77370043e-02   4.02078433e-02
  -5.20516579e-02   2.11808466e-02  -1.61041099e-02   1.04090542e-02
  -2.08564748e-02   4.42640394e-03   2.01779979e-02   2.03718263e-03
  -3.92802112e-01   7.23773427e-02   1.34681063e+00   7.04272315e+03]
Rsquare: 0.996607722894
模型内预测误差: 86780.0170161
模型外预测误差: 171706.98985
k: 10
参数: [ -5.79213515e-02   4.21734265e-03   3.41991250e-02   4.97352801e-02
  -3.61054772e-02   2.01640084e-02   2.46440058e-03  -2.44458818e-03
  -2.85474250e-02  -4.92792607e-03   6.26018969e-03   5.73374150e-04
  -1.27315568e-01  -1.87136933e-01   1.36834684e+00   5.09063418e+03]
Rsquare: 0.996569075473
模型内预测误差: 81732.734033
模型外预测误差: 202964.136701
10 折交叉验证误差是：98402.4485774
